cnrs = np.array([
    [[491, 24]], [[529, 26]], [[573, 20]], [[616, 18]], [[659, 18]], [[704, 19]], [[746, 19]], [[486, 42]],
    [[529, 42]], [[570, 41]], [[616, 38]], [[659, 38]], [[708, 39]], [[751, 40]], [[476, 69]], [[521, 65]],
    [[568, 64]], [[615, 61]], [[662, 60]], [[712, 61]], [[759, 63]], [[468, 95]], [[516, 91]], [[564, 91]],
    [[613, 88]], [[663, 87]], [[717, 86]], [[764, 88]], [[458, 124]], [[509, 121]], [[560, 118]], [[612, 117]],
    [[665, 117]], [[722, 117]], [[773, 121]], [[448, 160]], [[501, 157]], [[556, 155]], [[611, 154]], [[667, 153]],
    [[727, 157]], [[782, 155]], [[438, 199]], [[491, 199]], [[550, 194]], [[611, 193]], [[670, 193]], [[734, 192]],
    [[791, 194]], [[426, 243]], [[485, 240]], [[547, 239]], [[609, 237]], [[673, 236]], [[740, 236]], [[801, 238]],
    [[416, 291]], [[478, 290]], [[545, 290]], [[608, 288]], [[675, 288]], [[746, 286]], [[811, 287]], [[405, 346]],
    [[466,348]],[[537, 347]], [[607, 345]], [[678, 345]], [[753, 344]], [[821, 343]], [[394, 408]], [[460, 409]], [[532, 409]],
    [[606, 409]], [[682, 408]], [[701, 407]], [[832, 404]], [[383, 479]], [[453, 482]], [[528, 484]], [[605, 484]],
    [[684, 486]], [[769, 481]], [[842, 476]], [[375, 550]], [[446, 555]], [[524, 559]], [[605, 561]], [[688, 560]],
    [[774, 555]], [[851, 548]],[[369, 623]], [[442, 631]], [[522, 638]], [[605, 640]], [[691, 638]], [[781, 632]], [[859, 623]]
], dtype=np.float32)  <<<------>>>>WIN_20240826_19_00_30_Pro.jpg


cnrs = np.array([
    [[434, 45]], [[480, 38]], [[527, 33]], [[574,29]], [[622,26]], [[674, 24]], [[721, 23]],
    [[427, 70]], [[474, 63]], [[524, 57]], [[574, 53]], [[625, 49]], [[679, 48]], [[729, 46]],
    [[418, 98]], [[467, 91]], [[520, 85]], [[573, 81]], [[627, 77]], [[685, 75]], [[739, 74]],
    [[408, 133]], [[461, 126]], [[516, 119]], [[573, 115]], [[630, 111]], [[692,108]], [[749,108]],
    [[397, 171]], [[453, 164]], [[511, 158]], [[573, 153]], [[634, 148]], [[701, 145]], [[760,144]],
    [[386,214]], [[445,207]], [[508, 202]], [[572,195]], [[639,191]],[[708, 188]], [[772, 186]],
    [[375, 261]], [[437, 357]], [[503, 250]], [[573, 245]], [[642, 240]], [[718, 237]],[[785, 234]],
    [[362, 316]], [[429, 313]], [[499, 308]], [[574, 308]], [[650, 298]], [[728, 293]], [[799, 290]],
    [[354, 380]], [[421, 378]], [[496,374]], [[575, 369]], [[655, 365]], [[739, 357]], [[815, 352]],
    [[343, 455]], [[415,454]],[[490,450]], [[577, 447]], [[661,442]], [[752, 434]], [[834, 426]],
    [[337,530]], [[410,531]], [[492, 530]], [[579,528]], [[668, 522]], [[764,512]], [[845,503]],
    [[332, 609]], [[409, 614]], [[493,616]], [[584,613]],[[676, 609]], [[773, 598]], [[862  , 584]],], dtype=np.float32)
# Provided corner points in image coordinates
 <<<------>>>>
WIN_20240827_12_00_45_Pro.jpg