cnrs = np.array([
    [[491, 24]], [[529, 26]], [[573, 20]], [[616, 18]], [[659, 18]], [[704, 19]], [[746, 19]], [[486, 42]],
    [[529, 42]], [[570, 41]], [[616, 38]], [[659, 38]], [[708, 39]], [[751, 40]], [[476, 69]], [[521, 65]],
    [[568, 64]], [[615, 61]], [[662, 60]], [[712, 61]], [[759, 63]], [[468, 95]], [[516, 91]], [[564, 91]],
    [[613, 88]], [[663, 87]], [[717, 86]], [[764, 88]], [[458, 124]], [[509, 121]], [[560, 118]], [[612, 117]],
    [[665, 117]], [[722, 117]], [[773, 121]], [[448, 160]], [[501, 157]], [[556, 155]], [[611, 154]], [[667, 153]],
    [[727, 157]], [[782, 155]], [[438, 199]], [[491, 199]], [[550, 194]], [[611, 193]], [[670, 193]], [[734, 192]],
    [[791, 194]], [[426, 243]], [[485, 240]], [[547, 239]], [[609, 237]], [[673, 236]], [[740, 236]], [[801, 238]],
    [[416, 291]], [[478, 290]], [[545, 290]], [[608, 288]], [[675, 288]], [[746, 286]], [[811, 287]], [[405, 346]],
    [[466,348]],[[537, 347]], [[607, 345]], [[678, 345]], [[753, 344]], [[821, 343]], [[394, 408]], [[460, 409]], [[532, 409]],
    [[606, 409]], [[682, 408]], [[701, 407]], [[832, 404]], [[383, 479]], [[453, 482]], [[528, 484]], [[605, 484]],
    [[684, 486]], [[769, 481]], [[842, 476]], [[375, 550]], [[446, 555]], [[524, 559]], [[605, 561]], [[688, 560]],
    [[774, 555]], [[851, 548]],[[369, 623]], [[442, 631]], [[522, 638]], [[605, 640]], [[691, 638]], [[781, 632]], [[859, 623]]
], dtype=np.float32)  <<<------>>>>WIN_20240826_19_00_30_Pro.jpg


cnrs = np.array([
    [[434, 45]], [[480, 38]], [[527, 33]], [[574,29]], [[622,26]], [[674, 24]], [[721, 23]],
    [[427, 70]], [[474, 63]], [[524, 57]], [[574, 53]], [[625, 49]], [[679, 48]], [[729, 46]],
    [[418, 98]], [[467, 91]], [[520, 85]], [[573, 81]], [[627, 77]], [[685, 75]], [[739, 74]],
    [[408, 133]], [[461, 126]], [[516, 119]], [[573, 115]], [[630, 111]], [[692,108]], [[749,108]],
    [[397, 171]], [[453, 164]], [[511, 158]], [[573, 153]], [[634, 148]], [[701, 145]], [[760,144]],
    [[386,214]], [[445,207]], [[508, 202]], [[572,195]], [[639,191]],[[708, 188]], [[772, 186]],
    [[375, 261]], [[437, 357]], [[503, 250]], [[573, 245]], [[642, 240]], [[718, 237]],[[785, 234]],
    [[362, 316]], [[429, 313]], [[499, 308]], [[574, 308]], [[650, 298]], [[728, 293]], [[799, 290]],
    [[354, 380]], [[421, 378]], [[496,374]], [[575, 369]], [[655, 365]], [[739, 357]], [[815, 352]],
    [[343, 455]], [[415,454]],[[490,450]], [[577, 447]], [[661,442]], [[752, 434]], [[834, 426]],
    [[337,530]], [[410,531]], [[492, 530]], [[579,528]], [[668, 522]], [[764,512]], [[845,503]],
    [[332, 609]], [[409, 614]], [[493,616]], [[584,613]],[[676, 609]], [[773, 598]], [[862  , 584]],], dtype=np.float32)
# Provided corner points in image coordinates
 <<<------>>>> WIN_20240827_12_00_45_Pro.jpg

cnrs = np.array([
    [[488, 58]],  [[525, 54]],  [[564, 51]],  [[605,49]],   [[644,47]],   [[687, 47]],  [[727, 46]],
    [[481, 79]],  [[521,75]],   [[561,71]],   [[604, 69]],  [[645, 67]],  [[690,65]],   [[732, 66]],
    [[473, 101]], [[516, 98]],  [[559,96]],   [[603, 92]],  [[647, 91]],  [[694, 89]],  [[737, 89]],
    [[468,128]],  [[511, 124]], [[557, 120]], [[601, 117]], [[648, 116]], [[698, 114]], [[743, 114]],
    [[459, 156]], [[506, 153]], [[553,149]],  [[602, 146]], [[650,153]],  [[702, 142]], [[750,142]],
    [[451, 190]], [[499, 187]], [[550, 183]], [[600, 180]], [[652, 178]], [[707, 176]], [[758, 176]],
    [[442, 226]], [[493, 223]], [[545, 220]], [[599, 217]], [[654, 215]], [[713, 214]], [[766, 212]],
    [[434, 266]], [[487, 262]], [[542, 260]], [[599, 258]], [[657, 256]], [[718, 254]], [[774, 252]],
    [[426, 312]], [[481, 309]], [[539, 306]], [[598, 304]], [[659, 302]], [[724, 300]], [[783, 298]],
    [[417, 361]], [[464, 360]], [[535, 358]], [[598, 356]], [[662, 354]], [[730, 351]], [[793, 348]],
    [[408, 416]], [[468, 415]], [[532, 414]], [[598, 412]], [[665, 410]], [[737,407]],  [[802, 404]],
    [[399, 473]], [[462, 480]], [[528, 480]], [[598, 479]], [[669, 477]], [[744, 474]], [[812, 468]],
    [[393, 541]], [[458, 545]], [[526, 546]], [[598, 546]], [[672, 544]], [[750,539]],  [[820, 533]],
    [[388, 607]], [[454, 613]], [[524, 615]], [[598, 616]], [[676,616]],  [[755, 614]], [[829,602]]
], dtype=np.float32)
 <<<------>>>> WIN_20240828_17_47_33_Pro.jpg
cnrs = np.array([
    [[450, 26]],  [[493, 21]],  [[538, 17]],  [[583, 14]],  [[629, 12]],  [[678, 12]],   [[722, 12]],
    [[442, 47]],  [[487, 42]],  [[534, 38]],  [[582, 35]],  [[531, 33]],  [[683, 32]],   [[730, 32]],
    [[433, 71]],  [[481, 66]],  [[530, 61]],  [[581, 58]],  [[633, 56]],  [[687, 55]],   [[738, 55]],
    [[423, 99]],  [[474, 93]],  [[526, 88]],  [[580, 85]],  [[635, 83]],  [[693, 81]],   [[746, 81]],
    [[411, 132]], [[465, 127]], [[521, 122]], [[579, 118]], [[638, 115]], [[701, 114]],  [[757, 114]],
    [[399, 170]], [[456, 164]], [[516, 158]], [[578, 155]], [[641, 152]], [[707, 151]],  [[768, 150]],
    [[387, 211]], [[447, 207]], [[511, 201]], [[577, 197]], [[644, 194]], [[715, 192]],  [[780, 192]],
    [[374, 259]], [[437, 255]], [[505, 250]], [[576, 246]], [[648, 243]], [[725, 241]],  [[793, 239]],
    [[361, 315]], [[427, 311]], [[500, 308]], [[576, 304]], [[653, 300]], [[734, 297]],  [[807, 295]],
    [[347, 378]], [[418, 375]], [[494, 376]], [[575, 370]], [[658, 377]], [[745, 362]],  [[823, 358]],
    [[334, 452]], [[408, 453]], [[489, 452]], [[576, 450]], [[664, 446]], [[757, 441]],  [[840, 434]],
    [[324, 529]], [[400, 532]], [[486, 535]], [[577, 534]], [[571, 530]], [[769, 522]],  [[854, 513]],
    [[316, 611]], [[396, 619]], [[485, 623]], [[579, 623]], [[678, 619]], [[779, 610]],  [[868, 597]],


], dtype=np.float32)
   <<<------>>>> WIN_20240829_09_35_52_Pro.jpg




    [[]], [[]], [[]], [[]], [[]], [[]],  [[]],
    [[]], [[]], [[]], [[]], [[]], [[]],  [[]],
    [[]], [[]], [[]], [[]], [[]], [[]],  [[]],
    [[]], [[]], [[]], [[]], [[]], [[]],  [[]],
    [[]], [[]], [[]], [[]], [[]], [[]],  [[]],
    [[]], [[]], [[]], [[]], [[]], [[]],  [[]],
    [[]], [[]], [[]], [[]], [[]], [[]],  [[]],
    [[]], [[]], [[]], [[]], [[]], [[]],  [[]],
    [[]], [[]], [[]], [[]], [[]], [[]],  [[]],
    [[]], [[]], [[]], [[]], [[]], [[]],  [[]],
    [[]], [[]], [[]], [[]], [[]], [[]],  [[]],
    [[]], [[]], [[]], [[]], [[]], [[]],  [[]],
    [[]], [[]], [[]], [[]], [[]], [[]],  [[]],
    [[]], [[]], [[]], [[]], [[]], [[]],  [[]]
